0 ISS (ZARYA)
1 25544U 98067A   20127.37136911  .00000843  00000-0  23178-4 0  9993
2 25544  51.6447 195.4314 0001025 241.6743 215.3876 15.49351388225537
0 ISS (ZARYA)
1 25544U 98067A   20127.37136911  .00000843  00000-0  23178-4 0  9993
2 25544  51.6447 195.4314 0001025 241.6743 215.3876 15.49351388225537
0 ISS (ZARYA)
1 25544U 98067A   20127.37136911  .00000843  00000-0  23178-4 0  9993
2 25544  51.6447 195.4314 0001025 241.6743 215.3876 15.49351388225537
0 ISS (ZARYA)
1 25544U 98067A   20127.37136911  .00000843  00000-0  23178-4 0  9993
2 25544  51.6447 195.4314 0001025 241.6743 215.3876 15.49351388225537
