0 JCSAT 18
1 44868U 19091A   20122.45526979 -.00000206  00000-0  00000+0 0  9992
2 44868   0.0067  72.5729 0000328 315.1719 145.9799  1.00271844  1650
0 INTELSAT NEW DAWN
1 37392U 11016A   20122.44632672  .00000151  00000-0  00000+0 0  9990
2 37392   0.0137 212.6904 0001014 124.4077  76.2186  1.00272696 33078
0 ATS 3
1  3029U 67111A   20122.44498534 -.00000096  00000-0  00000+0 0  9993
2  3029   2.4745 288.2130 0017877 143.9178 202.6983  1.00271777192188
0 ECHOSTAR 17
1 38551U 12035A   20122.44403428 -.00000080  00000-0  00000+0 0  9997
2 38551   0.0177 241.4557 0002095 159.9672 231.1636  1.00270914 28682
0 YAHSAT 1A
1 37393U 11016B   20122.43521517  .00000096  00000-0  00000+0 0  9993
2 37393   0.0144 268.4910 0002578 153.3590   7.1491  1.00271086 33120
0 THAICOM 8
1 41552U 16031A   20122.42410382 -.00000127  00000-0  00000+0 0  9999
2 41552   0.0492  57.5646 0004908 323.2521  70.2233  1.00271172 14346
0 ASIASAT 6
1 40141U 14052A   20122.41726458 -.00000367  00000-0  00000+0 0  9992
2 40141   0.0283  87.1052 0000613 303.0180  99.8004  1.00269388 20721
0 BANGABANDHUSAT-1
1 43463U 18044A   20122.41717736 -.00000367  00000-0  00000+0 0  9996
2 43463   0.0076  76.8886 0002258 325.5248  86.6765  1.00271960  7296
0 LES 9
1  8747U 76023B   20122.40498859 -.00000081  00000-0  00000+0 0  9997
2  8747  17.9454  66.4983 0019130 110.7669  81.1648  1.00275823107237
0 EXPRESS AM-44
1 33595U 09007A   20122.39118105 -.00000093  00000-0  00000+0 0  9998
2 33595   0.0082 283.2315 0000460 151.5882 274.7954  1.00272100 41119
0 USA 115
1 23712U 95060A   20122.34375851 -.00000202  00000-0  00000+0 0  9992
2 23712  13.1870  20.3390 0004042  28.6772 204.4325  1.00275809  9209
0 USA 157
1 26715U 01009A   20122.31320622 -.00000309  00000-0  00000+0 0  9999
2 26715   9.2886  30.7668 0002504   3.7197  75.7382  1.00274101  9203
0 SOLIDARIDAD 1
1 22911U 93073A   20122.29490532 -.00000094  00000-0  00000+0 0  9991
2 22911  13.6277  19.5104 0001805 348.6284 209.7367  1.00267262 95477
0 CHINASAT 2D
1 43920U 19001A   20122.28397909 -.00000342  00000-0  00000+0 0  9992
2 43920   0.0020 215.9445 0001562 185.1155  50.8675  1.00270339  4923
0 TIANLIAN 1-02
1 37737U 11032A   20122.27607508 -.00000019  00000-0  00000+0 0  9996
2 37737   2.8189  74.2804 0009792  95.0020 320.8074  1.00269296 32289
0 USA 99
1 22988U 94009A   20122.27467604 -.00000264  00000-0  00000+0 0  9996
2 22988  14.0716  51.6117 0001611 335.6999 252.4470  1.00271575  9207
0 TDRS 11
1 39070U 13004A   20122.27057078  .00000071  00000-0  00000+0 0  9997
2 39070   3.9020 331.9258 0005877  41.4938 129.2067  1.00273611 26547
0 BEIDOU 10
1 37948U 11073A   20122.26458740 -.00000136  00000-0  10000-3 0  9991
2 37948  51.6495 298.4730 0063544 211.0924 260.5958  1.00266248 30969
0 TJS-1
1 40892U 15046A   20122.26398400 -.00000160  00000-0  10000-3 0  9990
2 40892   0.0563  86.7283 0004292 291.7117  91.2814  1.00272060 17111
0 SPACEWAY 3
1 32018U 07036A   20122.24185389 -.00000156  00000-0  00000+0 0  9999
2 32018   0.0036  61.7876 0000355 265.4653 244.5058  1.00269802 46684
0 EXPRESS AM-8
1 40895U 15048A   20122.24146565 -.00000116  00000-0  00000+0 0  9992
2 40895   0.0185 295.1387 0000270 193.4865 163.9395  1.00271930 16930
0 ARSAT 1
1 40272U 14062B   20122.23464279 -.00000264  00000-0  00000+0 0  9994
2 40272   0.0188 166.3224 0001441 237.0881 188.8654  1.00268991 20443
